=== РЕЗУЛЬТАТЫ СОРТИРОВКИ ===
Размер массива: 50000

--- СОРТИРОВКА СЛИЯНИЕМ ---
Время выполнения: 22 мс
Количество сравнений: 718324
Количество обменов: 355005
Статус: Завершена

--- ПОРАЗРЯДНАЯ СОРТИРОВКА ---
Время выполнения: 16 мс
Количество сравнений: 299999
Количество обменов: 250000
Статус: Завершена

--- ОТСОРТИРОВАННЫЙ МАССИВ (первые 100 элементов) ---
1 1 5 5 6 10 12 13 13 13 
14 14 16 20 22 25 31 32 36 36 
39 43 43 47 47 48 49 50 50 53 
56 57 57 59 60 61 62 63 66 67 
68 69 69 72 83 85 88 93 94 95 
96 97 97 100 101 104 104 106 112 112 
116 119 120 120 121 122 124 125 126 136 
137 139 139 142 143 143 144 146 147 148 
152 152 153 155 156 158 160 162 166 166 
167 167 172 175 177 178 183 184 186 188 

--- ПОЛНАЯ СТАТИСТИКА ---
Сортировка завершена успешно!
